$ANSIBLE_VAULT;1.1;AES256
31333534643434616664643837323934623564336631626435626231633263306536633563616135
3865636137386138316430656633303831643830663665340a333466613963313638333361373031
36336533633032623933356436383164343234613830636663646431633465306330663431376435
6432646565643236620a643131626237363936353034336534656664323537653833613466663838
34653934336166303362663637343661343631663031653565346361393866633662666538386634
38666333646431333233353832346630316361353662386362366537623461356132343438646462
37353637306466663934363164306362643830623532373665623434356630623634386562326265
32346434306663313136373762613334663439313339313836613737353337386636663235616166
65383831663364383533323031373764383235626234656535646130373230393630363936383936
33363662366439356261373536316537323138336437646339356633643038313832323435383637
38383361636433373236626534636431343334353364616466303331373133306237666135383864
62393136623132353064373636373763636364623231333865383462326435356331633937393531
30313134373138353135353064623164633334663161363834353262653865343561353636613664
33393966636438383135323163646136303637313838336666346236623365303161383538376131
64376232623630313138323233366261653664626561613231396462316433313636626364333862
64306231633737363530626239336532326662386433303439643263613738363663633763316339
36373139386137623365653763323661326438353432353837356361336265396639373936373538
33363962623334373034636262313337366530376663373766623138316166343930333863376437
38326636356338623038653631613431306566656263366331646362633761353335343436646661
38313036613535626466333038316662636336323730316236303230306133626433393963643132
65666438363234396235303430333435663131316261616137356430333636333366633437666634
34376435303133346365613931383536636632393430353539343133613032396630393531326234
33336466653134333964396563363134666562306461376536313432343066366239326636376661
62376339363939303635323435323830663639353635346138353063386465393463663231636131
39636639343033323535343038373236633131393764366366303463343063633132663731633135
30656261383664656134313231303934626563306561623231643238663163396432633338376565
37373365663634343837326462656332633436363864636261306439336566326331633865643338
35633939666265303966396538646639633665383835393263303236383665393838613631666265
32343133373730626138356139303839653364363465636431643739343736616336356432383563
63393133323833363766613239366264666235616538623436353430353831623632396436326565
36616166333366383061333366373134653739646265666363323163333766383632646334336538
62313961646461386532616239643837613135353562366137616665376661633539356335623437
34333230356137323834613833656232663462656535366139623061353536313066366264353331
64633431653837666634336164336566353734303331656132623661643734346233373664636531
66393763633963376137373634366332663739396334663336353331336237633738383638313762
31363136316535326535663965343233303436656666633265303938363135386662663135316239
36393162633366373331383335643836323831393534626338633966393635363134323838656330
30626564663933633938373363656134653530663162306631613565393063356464396330393263
31313365346366656266366234363337353263626133366366613363353735373230623834646431
35313635326166383464363363336438653938336337363263643832653563646266613463616239
63643334343239303538346564306463336436383765643561393163643836626462336364353639
65316462643731633838343666343733333838326334396465333239656466393764313630383338
34373531363038663132633863623832383237316132383163633964336336323033373961343063
65343837376339633838373739343337643639623932383232373535333363386433343937343763
66333236316161326631663738376465623139636330333466386237343237313363366130616435
65626338306535323766666163323731393430313863626439363137306631333762616131633239
32393962383062306266656137373966666663373861363934646431376164326336383161633835
33383064303038313864626633643831303538626536376134343466313266323138313366613737
62333733363538353737363930373665386436343165383662653835353462356266386436663062
64343132666138366632363364316237396534303463643264306130366264303936386433353034
33333833636637306336373932383632363031303661653563326337376536323536346138396264
61306535643762623536623630333435373237616630313863643363316636663633633331383363
35393035346265313961326234333661343235323433653030336334303633613162626634626565
32336331656333333261313765663131333830303038656166633664623462343233616437346365
34323362623432646631353066386535636139353238353237386137356231393061373634336631
64616463313534363063383165353338313331333831343830333630323037316662396462303765
62343338633237373233313862646633386665636132363330653066383264643464323461333132
63343166316239643562643364623037383439343365383462646235393866313138383135616438
61343431303532653165393861623130646462323364353735613835623332363464373362633161
31323862353831663237616264646363633231353938323366636264303661633135353634663061
31303733316138623730323663386436386462363765663236396365363661353465306364353162
64643664313231653036616135643937356630663366643264383033626665383934636163303935
31663432626532376433376366303630383939303662303161653461656339303937643330383930
30356339393461363032303466383764373331646236623136383565656333393338363661316366
61376636616132643864303935333761393336346132613230313839633239373566663261313261
39393463303166663764656537666239316664316662626130653863343338373932306434346233
37643164396263613930613766616231373865653266303163353838653835383166336664316661
33616534666262613137363032636465616234386239626563396233306265626566623963383363
37613033396634393865626531643062363664343265663162313561346239383661393733613534
35343934366466653435336366633138303436323066323735383964323363333338643334633536
38636266363231666437623465366637643630366634636662326530623139383562666439363735
63646465366362313861613662646432626636316661393463396563643337616366616134343235
62323466343666393137666637373837383732363033313730616536646162333361343362363937
62326266626130653466323363656562626638373365613033626264356361383035363636393231
35326430333839653637393666656462333566303938653866386338313330383736313332383232
32316137656332313466383033646239306362623438376134623836346638306431633862343137
39383465653239323863616138386530373434336566333966613766386634356632333638353330
65333565343934653961303432343566613361646532373736323266643064323565393664333139
37626330663232323338636130353265343438663735303964333062326230306266303665663734
61316632396463643564363564653865663038663561376139666163323237396664646435303732
33616564643038346332613834363434373063323661396531633633646362366231623539333935
62356564376635383561393365653633396131313530663633616139376136366364616564336230
62393161393861346661613963623663393563623639386137393130323963613537393533366264
61373161396539306664303830346261363364613861303566316261316335303966343162316464
66636533366162366664643830326338326465326164313963633362636135303465613066313635
37313037396461393339633863383835633030353630643930303939633161313539373565396161
64363533326336376337656335386639323731396363393736663236323831663032386263306631
63383461323733313265336430306263646437383430386338393466623536663332313439366432
34623136626434313164643438333930356539343966326564373437313139343261613434643139
38393163633865313161343732313531636330666666616234363561346566386434343531356435
38663038666635666531386463613937386366366461353436373163313435613136303133623034
62323661393863323561656530613935363664326437633133636635306333383464663263646339
64303337656630623963633462636435373962643161616334306633666536626233336661396537
63383761636530616162616633386538653966663634313432633332616437396136313738643030
31643330303530353435386662393136653434663730306362623937333738643464623537303336
31303739363462356366323335633762303630656263623362313863303162333861326466393230
66343834363064323562396433633564313465393265636433613532376333313161383661643139
62623937343963353432356263613534356630636264663738376630656562613064653833316230
35323832323962343138623132306263363063353435326131633663333839353934643133383837
63336566336230623731363062323461333537316636386431316566623835383564393236376638
31663536353033303234323434646363313861343031313266626236656634626636633330663634
34636437316532656338353664303131343162656639303539623731623031363163333839323563
65336437626237336335633966663762323438653431376235623033303030313963633264376664
31623464633931653133343036616566626533653563623962643233656431383831366163353636
33623866633738393132346530316262363962353530393133353062353464656637343733646637
66653138323463323461643062383237653731306233653531383763666639616234663738363639
37326230363436633562396165333330316233323966396230623435643636623231396161303963
64613235633432313730356464346339353739363365376236313733636335613231303730373237
38393334393631623464643461363932343832336264636131653435623034326465363235623235
62393833343065373066316564346536653332623063643730303037326665373537643538333338
36663263626666303130356336303561366664393130383266353836333437646637353638326336
61636662626261383862636339656237373863613531306231373363373838333836616534636133
62333361363666663839373538623363663538313161623932373439326439623662373730646234
62633431616433303236313931643836306136616632316166323130373837343635383532363333
34323863396237623732643838316361303435396332666530613163393730343762383463323133
36303935643438616663643666616166356564326431396563653136366632316335666464333539
30643637393237343332623937343439616663396339363437353139356335616530356331636565
61613162616462663236356131303839383662663439616664643239643330626437313139353633
62343564656537343132626163306330316432386637363734663539336334666137376461336133
38303238633361616332313930666334366634353034346664653662336262663132313038316234
30363439663236623539346162363365303731346536633638636537636232363865623361353635
64646539333730303961333762616563303965396431316365626137303661343531623339313135
30386265663662643338653734613866316565626261326564663036346164636333633962656132
62666637616636303136363030383733386166303039373732363136643833616633343837666662
37333631363465653236323364613639333637663966636332663063643733333534306563323962
35366332623039356634353163333837396562373164306237633034306234623130623463643339
30396136326663396437633830373165663838393733366534643666313335633564356434663830
35356538396332346432346333363030306538636561356538353761393966383738386238623830
64346130626437663463383566663461303435663235323262383730366162353662336137643633
62613864363365633738636630316261653739313465343730393839643637336566623335353865
33366139613232623938643066306330613039306334656663663235663131336636356236613864
32396132643463306134653235333334383863643534373630633334356663626466633532363363
39663037336232376638623433386231343262326230623861666534393936633666383064323266
66353461343634346163346361323635326433353464613463373737653339306437613835656266
66363135353965646238646363653238326363633630346637383930326465353363663536326438
31363765396463613233
