$ANSIBLE_VAULT;1.1;AES256
62343838643532613830303162393865356561343832643933623864323362386131383433336536
6138383565356639353635376435386237636337613162660a616339623832376462653664656233
30663537316131333062646361356164623031623161653233653136393336386537313561656266
6631313662306666640a306564666530323730303666303766383833626161613963396339613130
34313236353336303863653861666561653539643535356636316333613633663961313338643539
34613361346135383031633264396336396337313633326535353432356331383233306464656230
35666632386432366636346333626431666439346439316464343632623765313335386436396364
35306538626666343764323837633665346636313264616163326666306336376239613066633838
32373330623832616535333864353036626331393535343535353464313137376564396666353737
32343832306161643831323337386664613634623938633935383035323432326561366330333534
34316566663661353735636166666635373065636538313464623063306365333133636333646161
62626266373265376534
