$ANSIBLE_VAULT;1.1;AES256
61396566323632306636333565386133613662613538353332363733643064396164666537353730
3766373631393333333031386431313833663639623932370a373036653565343264343439316336
38346461386664386431363334643566343661356261396266356564636434363632346436353438
6135366337303664310a373665313937333261326538613137613238653864633233393837623438
35353637306232376566376330313666343066313464336533383036316264363161373166346362
61616565636630336462363633363236393438353632636339653836623833353831333761613666
37326536303565373938303762336436613335326134383137333139346530653230613038373361
31393737623465373566653563666637373033393262656539306461313266383736626238646165
32643961613636626661343235366165623132653236656436396461623037653137396132343665
66363631333631356665316435343866616264313764313236396631323433326634316439326262
34333461643638613137323232393563656262666439326137323864326262313735643430636430
37653962633063396564363461643137356634623335613864363732636332663438613663346639
64613636643564663536343366636162303237666531326430613161383231663565393131373838
3137643537656164633966383630396330656636313363653962
