$ANSIBLE_VAULT;1.1;AES256
66336366303333633534623433353061333932346238333433323261623365646263336134613964
6163366632663731363136323064313436656266306237390a313230643236616134663438326232
62383536356436366137373731346662306264306536373261346430633165366536313235336130
6162333736396565350a333030613232393334643838323433643162366564613466623664383739
63386135643331353162303761623962623033356531643162393865636163326135333237623064
62376433643661393939666238326635616463626132353833633936363932373063623261353364
62636163306430336539326332353735373630333366303838336237626339653664383434353837
30373439666365656466356262633738653736323862396665323939313133303031343530306331
31656632663831666130383733383333306163306638316136313666653663623966643635643435
35336461626231663838323961306162623032323539656533346435343635366434666264386332
31343161316364633432393132393766313938666663323736613165323338666666343131616233
66336361623939663163633933333563626165626634616662663738326239656464386263303433
6261
