$ANSIBLE_VAULT;1.1;AES256
30356235313538373866303937653737376461666662313837303462363837633536323237313361
6635353238613038663637376366643365663837396535330a643633326537666361373565663262
34366130346132653466636364376532383833366436373033646236396638386639666465666633
6436303334366466300a663437666266623332616466613738653835663637303334393932626164
64396135383731333238396335323938653539366132323239336362303530306539633935623161
37346238623762643139643332333534336137343165326431623535303462353130643064396431
34303531313766666139376530613664353935653037336631393262363864323064336664633137
39373966366531643538636363613833396664333932633338616438376139393633383330613231
30616636633066616633303139303538356465623934303338336532366439343564636335653836
38386363366535643830333032353033653964653839303162656364653835386636643963633763
39633262646466393431383332663761346165333462666665333261636430383839656638333133
36396637306338343433333562383939663633333633346165626333633636323034333662616432
34303666353034393538343337643463323536356236633834333936653365376231626338303464
32363865363066663361373265636634306633636661333334363637646663633233316133333439
303336353236373661396263646261356333
