$ANSIBLE_VAULT;1.1;AES256
65303838626464393864343563643865316565326330666362666238383165653131346433393832
6433303164353230393839333063623835313463306439630a653933316632373636393734353863
30366236323833396439633036306337643132316630393262383563653363393131396663386263
3038623430336236310a386464613033396338393065333564373862666465323361643134383563
66653335353161306231343762353064323534666234343136353433303565336665343834323736
39336564343066396338316333373239346163373361363466646233303330633537663437363163
33646563666562383963646266343362656565366265306539626363383162333432623061353637
38316266396536613530353937333563613465626335323933306465396564353331333062343938
31616662326339656161663466346630623239313336643039393763666630366666316665376461
35383635626263306261393662656634656131323034396362623264613561323139613063353261
63303235386135646365303933336431326639383463383735306437363565633831643165363863
30646138333532326339
